162.986019
140.349525
139.753817
167.177787
170.995236
163.862933
164.248294
161.570697
164.393687
167.675537
169.970871
166.739599
172.518021
171.482019
175.223927
173.949183
180.345561
185.295664
182.022273
183.739882
186.727472
186.794584
182.149243
184.187391
180.733593
185.399298
189.341854
189.086649
183.665642
182.317702
184.719599
187.855520
185.866321
184.824931
185.476253
186.020041
182.864532
192.263545
188.873758
188.714566
188.698957
182.838850
189.882320
187.735042
186.088766
180.557049
181.527623
190.032193
185.837408
182.854484
