134.969753
131.725014
160.693837
185.778316
180.088251
185.859074
189.605562
176.464146
186.553214
186.335150
204.073046
194.080813
198.563704
208.535946
206.663712
208.057447
217.678557
205.474407
213.463726
212.405214
209.849189
210.815175
217.792017
206.398734
215.287212
210.009395
211.190763
216.709677
224.048424
211.692636
218.141680
219.449792
219.547606
225.714311
229.888240
216.558181
223.693594
225.385686
221.429777
220.027809
224.393964
221.802080
217.821116
225.401655
223.476144
223.979180
220.136119
232.210416
228.545215
222.733885
