2.025383321963251
1.7020041618496182
1.4024297883537755
1.1803487585222028
1.0264216457327187
0.9217990713535085
0.8423639906144806
0.7773514346301843
0.7244254904964087
0.6857825369294843
0.6545890208829768
0.6266183522501838
0.6007188780023677
0.5781914525625681
0.5593276613572958
0.5422856406939953
0.5280100807413228
0.5130218428793243
0.49767174989025625
0.4835915622537256
0.47268309036577094
0.4621020909102695
0.45374452493301837
0.4454166992490179
0.43746647161142954
0.4301591979018263
0.4224403720398347
0.4141671811486888
0.40726337341541496
0.40041637228024596
0.39339844852300493
0.3866428430574129
0.38003573763319753
0.3751867662053287
0.37017056375214263
0.3650877432178009
0.3597221213369103
0.35509442073877695
0.3509410519795682
0.34678955484916696
0.3425563565976531
0.33801716576802865
0.33441832585585374
0.3307106012268527
0.32699500773977314
0.32353305939154137
0.3205207223582278
0.3167456788906911
0.31306536918189215
0.3102431137945932
