2.214045851826668
1.9764789325259626
1.7428692910037935
1.4977093112031872
1.3011888788781596
1.1589670702508423
1.0516225342098957
0.9684022395854409
0.9008959224798213
0.8450355929808981
0.7986747145334832
0.7580520390484798
0.7239657153126469
0.6954777417142733
0.6703311788196147
0.6470582971811423
0.6251968877607059
0.6066616089271871
0.5905901051108519
0.575244978032738
0.5611983196640118
0.5483698296230499
0.5357154650936915
0.5243907053212246
0.5137426310510474
0.503718912918607
0.4940503792698863
0.48477883340079464
0.4762218742701218
0.4687269694273048
0.46137081805856733
0.4545735343863878
0.4480898422116589
0.44130373913913035
0.43472761632694057
0.4288669540502048
0.42319531729351195
0.4174262157598018
0.4120921252770168
0.40705186676557903
0.40215092593150864
0.3974820628168208
0.3931229073015237
0.38862027969678564
0.384071513155473
0.3799428569302934
0.37574009503908185
0.37226601921672736
0.3684536628960548
0.36472300016432596